Ingresa el ID de la comunidad: 26
0
38
228
17
9
7
215
3
56
56
3
2
4
2
2
2
2
51
4
0
0
164
172
1
133
8
8
5
0
5
9
5
10
0
4
1
4
4
0
121
1
1
2
407
4
271
13
1
8
0
6
0
4
582
133
0
5
3
3
0
20
376
18
7
4
0
21
0
0
0
0
10
3
142
70
0
0
8
7
5
141
6
6
0
0
8
14
33
0
5
34
6
13
13
8
7
3
3
7
12
0
8
1
2
4
0
11
11
11
50
50
7
0
7
9
3
8
8
15
66
1
3
13
4
1
34
0
1
491
0
387
167
3
3
3
54
23
583
48
48
404
0
54
15
4
12
5
0
13
0
0
17
4
189
1
16
3
94
1
2
6
5
7
6
None
0
0
556
0
2
2
3
173
6
36
6
8
5
6
3
3
3
6
0
4
0
103
9
8
610
2
0
0
4
3
13
3
10
13
81
177
6
0
0
1
1
3
0
130
0
2
9
430
2
7
3
203
0
1
6
6
0
3
31
44
4
4
1
0
4
4
4
5
5
1
0
24
80
170
10
3
3
52
2
10
10
5
12
7
1
191
132
1
5
0
0
12
43
34
6
14
0
11
3
27
0
9
255
4
8
22
50
0
8
65
6
8
77
10
10
3
8
0
0
2
559
168
87
284
251
0
8
6
2
27
2
0
1
6
8
6
0
155
5
5
2
0
18
4
7
54
307
1
1
0
8
0
2
13
2
196
5
7
250
8
5
198
0
6
11
13
0
3
6
5
19
6
184
18
24
296
296
296
355
355
22
126
126
126
213
213
213
13
13
13
102
3
3
16
16
16
4
0
2
0
6
4
7
7
0
27
13
8
6
8
0
9
9
11
17
8
5
4
3
4
5
3
0
6
27
13
26
1
266
1
3
20
4
240
289
74
45
45
9
5
3
6
10
4
0
0
0
101
4
26
3
3
104
6
5
26
3
2
6
26
9
12
11
4
622
None
12
7
32
6
6
2
32
90
2
1
0
4
0
7
2
2
4
23
381
160
7
8
127
113
84
29
3
498
3
1
88
2
None
1
205
10
1
14
95
44
3
0
7
8
5
6
1
0
0
8
4
0
0
2
6
4
4
0
1
6
0
0
9
9
1
5
0
496
4
0
375
17
10
10
171
20
1
557
609
61
552
0
2
2
2
2
2
2
2
2
2
2
2
2
2
2
2
2
2
2
2
2
2
2
6
8
10
5
6
2
114
6
135
6
5
2
65
7
8
13
6
3
74
0
3
3
199
0
92
0
0
4
232
12
38
8
15
3
110
51
13
5
0
4
7
9
1
9
199
5
6
6
0
8
0
9
1
9
284
3
0
508
62
73
5
0
10
4
1
17
41
0
7
4
1
3
8
6
12
6
55
14
8
7
593
4
221
358
2
315
6
1
11
0
26
3
0
20
26
1
5
7
3
71
13
0
2
212
10
3
3
9
58
8
0
5
1
66
174
174
9
1
0
24
13
18
1
2
0
6
0
4
1
60
8
0
5
0
9
9
1
37
1
12
0
8
8
1
4
0
294
10
44
0
5
29
1
13
13
2
17
17
2
7
6
0
62
6
42
568
9
2
2
1
2
4
24
52
2
49
0
1
9
12
15
240
0
0
3
42
None
9
0
5
5
9
3
0
0
8
3
1
0
12
0
7
188
3
10
221
5
9
1
7
13
0
11
10
3
6
7
0
9
0
7
1
3
33
1
0
0
0
0
5
1
13
199
199
0
18
0
1
50
3
0
2
6
10
1
26
0
262
2
0
1
8
31
29
4
66
290
0
5
0
0
13
3
7
0
3
0
55
6
6
211
6
0
6
0
7
0
6
9
38
0
5
0
3
29
13
9
4
2
251
0
34
8
203
2
123
0
7
0
45
1
257
121
15
1
132
0
3
0
0
1
403
147
114
76
128
12
175
0
8
0
6
8
0
0
5
0
0
8
7
12
0
0
1
4
0
0
627
1
0
8
7
29
30
26
1
9
6
2
73
1
665
133
86
2
27
5
8
22
262
11
186
9
0
9
2
0
4
4
2
9
9
1
1
133
2
3
4
8
4
4
230
0
7
0
2
215
85
8
4
4
1
0
409
6
2
169
6
136
1
6
0
0
1
1
0
0
3
1
316
0
23
2
6
0
14
2
1
2
3
9
4
274
216
4
9
9
0
170
206
9
0
14
6
8
7
20
1
45
5
0
2
79
171
0
629
171
26
129
211
0
0
280
38
9
0
303
6
12
16
7
6
13
2
18
1
0
53
27
0
11
0
58
611
8
2
13
9
5
5
0
0
12
0
1
1
0
4
0
0
8
0
3
2
3
4
4
0
0
5
0
3
0
55
26
18
4
1
6
2
23
17
0
53
1
10
4
10
0
3
2
12
161
5
6
6
26
4
11
8
324
269
4
3
6
10
6
6
0
0
129
56
1
1
10
2
117
2
19
4
0
566
4
4
116
33
0
0
29
7
4
8
13
500
34
11
1
1
0
0
2
14
0
1
2
322
4
6
13
2
3
475
294
363
13
61
61
3
435
4
229
2
7
13
49
6
2
103
3
5
16
3
0
0
2
124
16
6
114
8
2
23
1
106
1
11
180
12
0
8
4
7
12
6
1
279
4
0
0
75
0
2
6
0
62
0
0
7
0
0
2
0
1
16
5
1
9
32
1
3
2
11
6
188
0
27
5
1
1
5
5
0
0
10
2
1
4
8
11
0
7
1
0
1
63
63
4
1
13
625
8
0
88
5
5
1
7
20
97
0
11
5
16
3
7
46
44
6
None
None
448
4
1
10
0
20
4
5
0
3
268
36
0
170
3
291
6
9
None
1
0
3
1
2
134
4
17
78
90
0
7
8
10
17
0
84
7
17
17
1
12
210
0
3
12
0
50
0
1
53
0
509
0
17
1
2
6
667
2
29
52
52
52
5
12
38
12
0
0
3
2
0
6
0
24
8
8
45
9
0
0
3
9
9
1
1
421
7
0
277
139
567
1
128
277
2
3
4
28
5
10
96
1
0
2
3
1
225
7
7
5
2
4
7
82
1
9
0
1
134
134
7
8
15
68
0
0
2
15
0
1
21
34
3
3
3
85
1
0
8
54
55
1
1
2
116
2
0
3
66
9
0
8
7
0
4
5
0
130
162
9
9
8
0
0
228
0
4
2
21
0
7
6
3
7
3
1
11
0
0
0
12
7
9
6
5
6
8
77
0
5
18
12
11
0
2
1
0
6
4
0
12
20
10
4
4
4
14
9
0
219
4
1
0
530
5
22
27
18
3
3
43
16
10
0
7
4
4
5
5
8
344
8
0
22
1
133
22
261
166
18
31
8
1
6
98
0
0
6
1
9
8
9
0
114
2
24
14
1
13
15
219
1
19
216
322
10
15
9
0
20
6
6
346
346
17
9
9
26
239
6
418
17
6
0
2
1
48
3
4
22
0
3
2
91
0
158
93
13
0
27
3
24
115
120
1
8
5
5
3
9
6
63
5
8
17
0
38
38
13
15
15
334
334
19
0
0
0
0
0
20
45
4
6
9
4
10
186
6
11
3
7
12
12
8
2
3
159
3
2
6
2
74
2
14
7
2
58
8
8
8
1
210
4
100
0
0
1
1
164
0
2
0
18
5
9
8
9
8
0
1
5
5
1
9
3
0
565
1
2
6
23
0
7
0
11
12
73
392
75
0
7
226
275
27
20
27
7
0
23
5
2
120
6
8
11
11
6
9
6
16
8
6
6
29
34
297
237
0
2
3
123
5
137
0
5
3
9
6
13
188
0
2
8
48
48
1
0
6
6
5
20
20
0
19
156
23
9
9
2
6
2
27
5
0
7
53
11
3
0
0
1
1
23
0
0
20
84
166
34
6
9
0
3
2
10
8
94
4
1
9
0
64
7
3
529
9
0
13
0
26
None
20
14
1
3
5
7
0
11
0
5
8
6
2
102
5
7
0
219
6
60
329
8
155
4
505
6
6
0
22
8
8
338
338
6
6
6
8
9
8
3
5
3
0
0
8
7
12
2
2
272
359
1
4
7
71
3
281
0
11
7
0
27
4
10
4
1
9
43
16
6
0
1
0
0
1
9
29
10
439
9
169
10
4
5
0
3
10
4
90
150
7
453
76
6
0
3
4
3
6
6
6
0
8
73
27
3
5
3
269
0
308
6
6
662
9
124
0
230
5
9
0
9
4
0
3
10
1
6
58
8
3
1
1
0
7
12
0
15
11
3
124
20
0
3
45
5
5
0
0
8
0
4
8
3
66
9
121
3
9
1
3
16
53
184
92
0
5
0
165
1
0
2
1
8
8
100
3
7
222
0
6
76
4
0
9
9
0
13
368
5
4
2
6
2
5
6
7
143
254
90
1
1
0
0
7
1
4
8
279
7
8
2
27
3
6
0
11
0
12
3
0
0
9
60
12
6
46
5
115
0
4
6
0
5
48
7
2
4
9
0
1
3
0
261
0
6
79
1
1
3
13
4
6
345
6
0
5
1
1
0
0
17
0
11
15
3
0
184
9
5
18
6
11
0
420
7
2
4
15
0
4
6
3
1
11
7
7
0
6
9
8
371
18
1
4
0
0
11
0
0
16
55
0
65
0
0
0
4
11
29
12
159
0
66
0
6
7
1
3
12
0
0
13
36
230
3
6
3
41
12
44
11
3
21
323
6
7
0
9
5
5
0
4
5
10
10
1
11
11
3
7
4
12
0
1
7
1
56
0
2
1
3
4
0
98
7
177
1
123
5
9
7
13
0
122
6
7
0
176
0
0
55
13
9
9
0
2
0
7
9
77
4
5
98
0
6
3
0
5
3
0
11
577
4
3
3
9
1
3
0
0
1
201
1
2
2
2
9
238
7
10
2
31
6
8
560
0
8
78
143
None
7
7
0
32
2
3
5
4
4
10
4
2
440
4
1
4
7
1
38
100
153
3
0
0
0
0
16
16
6
0
7
2
4
13
1
6
2
87
43
6
13
6
6
5
9
131
59
9
2
16
62
4
1
8
0
2
1
8
8
0
0
5
1
6
0
2
23
7
4
26
1
0
1
27
156
1
183
15
0
10
8
7
22
3
1
201
3
5
8
1
5
0
8
3
3
12
27
5
1
12
0
206
237
3
9
0
9
23
2
10
10
63
11
41
0
8
1
1
1
1
1
1
1
1
1
1
1
4
21
3
5
0
0
0
0
1
0
0
0
50
0
1
19
5
0
0
6
210
0
0
2
6
132
1
1
0
2
6
40
1
1
8
6
6
6
0
0
8
5
0
4
0
20
8
449
3
33
4
4
3
7
171
10
455
8
81
3
3
14
1
270
2
12
7
16
16
11
1
11
7
1
48
359
17
0
282
0
59
14
4
41
3
214
205
9
0
0
10
0
1
5
55
72
3
2
2
3
9
18
58
2
224
10
23
71
3
489
0
2
12
8
7
2
6
18
8
8
7
0
6
56
56
8
8
7
9
1
29
7
0
0
4
0
0
0
159
1
1
6
6
4
75
0
0
6
1
2
1
3
5
26
8
84
5
2
4
0
4
0
177
3
257
1
4
33
11
4
7
13
33
16
77
0
5
2
0
3
19
251
6
7
1
5
7
0
59
9
3
9
2
20
27
2
2
3
3
0
0
111
7
1
9
43
2
4
7
6
8
6
30
6
0
6
0
9
9
17
0
8
8
71
7
9
2
4
4
197
6
69
37
0
0
1
67
10
1
210
10
2
13
31
258
16
3
250
5
4
3
4
9
305
56
87
9
0
16
42
1
11
0
4
12
0
3
3
6
77
1
0
4
21
131
13
9
45
0
2
0
546
5
7
5
316
0
3
8
1
2
1
1
0
3
1
0
None
0
0
0
198
30
5
0
1
9
9
1
0
15
9
3
10
6
0
0
4
239
0
7
38
11
37
2
61
None
14
10
1
10
297
1
31
1
220
0
9
3
45
6
9
0
1
None
8
10
663
5
6
2
2
356
16
0
4
53
10
2
3
6
248
1
15
14
2
15
16
158
542
248
23
5
None
1
9
4
7
104
5
12
5
0
31
524
1
10
1
49
49
6
6
0
92
7
6
6
258
12
8
275
4
0
12
12
30
12
17
160
12
9
1
1
11
43
6
0
1
5
0
8
70
3
3
2
0
0
1
12
14
11
6
5
0
62
77
41
7
3
4
162
8
7
6
6
0
9
6
8
8
0
7
148
7
12
9
3
0
4
1
0
10
11
7
9
11
79
3
294
17
543
4
53
44
96
5
6
12
3
8
3
10
10
549
8
37
1
8
501
6
30
7
3
7
0
116
19
19
19
307
3
4
1
48
6
14
0
8
165
165
9
9
62
0
5
0
21
0
259
259
1
1
0
0
2
4
7
4
4
12
None
8
5
11
0
1
7
7
8
0
3
0
89
9
0
636
7
0
50
1
103
103
8
4
242
1
3
3
0
1
9
0
3
3
1
3
605
6
28
76
17
180
2
342
0
4
105
111
24
6
6
6
361
194
5
5
361
0
6
3
7
37
417
4
6
0
0
9
9
1
1
9
1
0
1
5
13
13
6
0
9
7
4
4
12
0
2
14
4
19
0
4
0
15
3
14
6
182
603
441
506
1
0
0
8
3
71
234
4
5
20
12
308
2
10
0
28
3
4
53
10
14
9
3
3
1
236
5
8
0
0
0
2
6
1
1
9
4
0
10
18
234
0
231
9
8
0
5
8
52
9
20
20
2
20
0
148
69
0
13
9
9
7
0
8
228
11
65
158
0
2
10
2
42
297
200
2
0
7
0
91
1
10
1
20
29
7
1
0
0
7
224
3
78
78
187
32
3
24
7
32
222
6
18
38
9
38
1
13
65
121
15
0
58
3
0
15
18
43
1
5
137
3
6
3
13
67
194
428
10
12
0
8
205
8
8
8
0
0
7
2
9
9
457
0
1
1
59
91
3
3
16
234
6
8
30
15
17
0
83
7
0
19
73
45
6
2
1
1
3
3
6
350
0
22
66
12
0
0
2
4
6
8
2
7
4
4
16
8
5
12
11
5
22
15
4
1
1
0
0
0
10
3
9
239
206
8
5
8
5
48
1
100
8
88
166
3
55
4
18
49
0
3
2
7
4
115
1
0
4
0
0
12
0
4
28
27
10
6
0
41
4
54
1
1
0
8
8
6
2
11
5
12
8
9
0
0
0
8
6
5
8
1
5
0
30
0
1
3
11
13
0
2
10
8
8
10
2
36
56
2
2
33
87
8
329
232
16
2
0
8
31
1
102
0
3
5
10
3
195
162
0
1
3
0
0
4
124
2
76
6
9
1
7
4
10
1
41
336
0
3
8
26
10
9
5
0
12
545
0
0
2
0
14
3
55
3
13
1
13
6
143
4
8
6
293
7
3
0
13
4
12
0
1
8
0
11
27
0
1
2
3
0
0
1
123
4
14
16
2
3
13
6
6
13
7
7
8
93
93
17
378
205
0
3
3
3
265
4
0
10
3
57
57
6
7
2
2
0
1
10
4
0
8
0
2
2
8
13
1
0
1
5
0
0
6
1
49
2
1
6
6
242
5
6
3
6
8
30
5
0
0
0
6
487
9
0
1
9
60
0
13
1
8
4
1
0
3
12
9
30
2
13
0
28
2
2
82
2
1
26
7
6
0
4
154
61
187
187
6
2
3
7
4
3
4
3
38
6
0
4
510
18
44
28
0
0
3
152
45
4
2
2
2
3
1
13
606
72
37
3
11
8
9
41
246
17
4
10
120
1
1
1
8
122
3
12
3
10
0
3
132
3
6
4
9
0
0
5
0
19
8
0
0
0
3
13
5
150
369
0
158
0
2
161
4
67
0
1
0
0
0
152
2
6
3
17
3
463
26
303
0
3
101
14
0
7
148
3
12
16
7
10
12
0
85
0
6
5
5
575
1
4
19
20
29
43
0
8
8
65
638
0
1
2
0
0
0
3
8
0
13
103
3
1
1
511
1
9
21
10
81
8
267
177
4
12
0
5
6
2
7
10
1
1
6
0
4
0
11
22
26
10
5
6
11
0
7
18
3
2
13
399
6
3
4
0
1
188
526
2
9
9
3
0
10
3
100
4
214
0
3
4
0
0
0
1
6
9
3
6
1
10
5
0
12
4
20
10
267
1
12
81
23
1
1
29
1
146
48
3
1
18
7
0
0
0
3
53
7
1
9
0
7
13
7
13
0
10
1
447
0
6
6
2
52
0
424
4
93
0
3
3
623
326
2
29
54
10
0
1
13
0
0
0
152
0
0
144
11
8
16
104
8
3
1
12
0
24
6
11
0
3
0
0
8
27
3
8
8
60
4
92
0
1
1
6
0
8
8
8
4
4
1
2
6
10
3
1
4
64
1
6
60
7
0
0
0
17
80
4
0
7
272
1
5
8
3
6
2
6
7
6
3
5
0
3
6
1
0
0
8
7
400
0
13
6
0
6
6
104
0
1
10
77
0
336
6
83
7
3
4
0
0
10
19
9
0
140
2
4
None
11
2
3
4
3
25
661
47
47
47
47
47
25
25
25
25
35
35
35
35
35
6
6
47
47
25
25
25
6
6
35
35
35
8
4
0
5
4
619
2
2
29
660
10
10
57
15
3
6
156
3
0
0
27
6
5
306
8
17
258
3
10
24
8
8
9
9
93
4
3
0
8
41
4
563
87
11
4
1
13
15
3
0
26
2
4
310
38
3
69
1
2
536
120
23
0
1
0
0
18
12
0
9
325
70
6
0
17
2
295
3
1
3
12
0
0
116
1
1
6
77
0
None
10
126
5
5
173
132
10
1
3
0
0
3
4
105
4
512
527
8
238
26
2
23
8
656
11
5
0
3
46
9
9
60
7
81
3
8
398
7
451
243
32
8
2
5
72
55
122
166
200
3
0
1
4
12
55
8
44
9
52
0
3
472
12
9
5
5
0
7
7
0
0
12
1
11
6
1
0
8
1
15
5
31
7
4
5
0
1
0
2
8
6
16
7
306
11
664
6
2
1
0
274
73
3
8
7
0
11
157
3
5
2
0
0
28
4
94
4
0
9
206
0
79
1
227
8
5
0
0
11
9
1
224
4
2
1
1
2
1
5
1
4
28
72
8
461
1
397
16
348
2
2
1
114
140
57
4
1
3
54
4
18
121
6
12
5
7
244
244
14
1
21
1
67
3
69
3
6
0
7
4
0
318
9
4
10
6
314
43
42
2
112
0
0
11
None
33
7
43
2
31
313
0
14
0
8
7
11
12
1
3
0
8
31
4
4
3
8
None
1
1
4
3
56
0
42
395
34
56
6
7
4
43
28
0
9
5
2
5
None
0
187
14
48
48
1
0
8
10
0
8
0
31
3
1
10
15
9
5
192
1
4
102
37
4
15
10
188
4
2
2
19
433
None
3
None
112
45
3
6
7
20
14
4
2
10
14
238
10
4
0
105
11
0
12
5
3
1
10
1
57
456
149
149
149
14
71
None
37
16
11
0
5
31
4
154
17
2
10
29
2
3
58
0
6
95
0
77
0
13
0
8
1
33
0
5
12
7
8
4
211
68
2
2
0
147
2
5
2
484
9
1
2
0
525
23
12
14
5
148
11
22
16
16
14
18
270
1
16
178
68
12
4
6
9
2
4
17
62
285
8
6
4
2
11
0
4
7
4
6
4
0
74
0
11
145
9
34
10
8
11
3
1
153
1
2
65
0
33
89
None
10
4
72
33
141
3
3
9
0
432
2
2
2
12
6
94
1
458
4
366
0
28
12
13
10
87
4
2
2
28
1
19
0
0
12
12
108
108
0
16
109
5
5
5
3
1
89
22
384
144
93
0
1
22
4
70
7
7
4
10
17
0
1
4
22
29
3
466
162
16
9
2
1
219
5
4
3
8
6
4
3
9
99
235
235
462
595
63
3
3
1
2
4
7
0
76
3
189
189
2
7
11
12
2
1
5
29
164
9
42
226
9
5
204
169
169
16
11
10
8
135
3
5
236
2
2
42
4
5
1
0
2
7
2
29
10
13
0
4
3
6
102
135
1
1
7
198
581
3
12
3
71
1
11
21
1
3
10
1
125
42
1
5
11
5
1
12
12
2
10
2
7
33
0
13
7
5
28
1
150
1
1
3
16
2
74
1
18
54
0
0
8
5
4
6
1
1
578
43
4
2
4
11
4
172
172
5
246
9
28
4
249
0
0
1
0
0
4
43
4
8
179
10
6
0
0
60
0
6
76
21
48
5
2
6
2
0
0
17
172
202
6
6
18
118
6
6
1
130
6
2
2
0
7
7
8
10
23
5
5
9
3
148
6
64
64
3
0
0
2
1
7
4
61
2
31
4
15
8
4
4
211
108
0
3
5
0
0
4
4
1
83
327
327
196
0
4
10
3
9
9
4
212
2
52
2
10
13
7
3
4
10
2
1
9
1
36
173
None
236
10
5
13
13
0
12
0
6
9
0
9
5
1
1
1
0
1
0
151
7
4
1
101
0
6
4
4
4
2
143
11
2
2
7
4
1
1
1
14
281
10
10
10
2
1
2
7
6
18
7
161
8
7
2
139
11
12
8
168
1
82
117
10
10
10
195
3
12
2
0
10
41
1
2
3
0
2
45
9
9
55
20
9
82
67
12
12
313
1
8
110
0
104
0
5
41
17
17
293
8
1
9
123
8
0
0
46
185
21
155
11
14
2
9
0
9
0
1
0
4
182
24
5
0
5
4
18
59
6
6
0
10
9
0
16
1
110
12
1
2
27
5
588
7
2
2
0
8
7
4
8
1
6
44
10
10
0
0
4
0
2
474
0
0
9
1
31
11
103
11
6
0
8
18
0
0
12
12
78
4
5
1
0
590
10
1
245
0
15
190
7
46
2
17
479
2
0
0
14
379
66
16
450
15
4
4
11
9
8
123
4
14
5
2
9
6
7
3
2
1
1
141
7
6
58
8
6
4
0
0
11
7
13
4
200
13
10
4
10
2
5
114
5
1
7
7
2
7
47
0
32
12
0
18
1
7
0
18
0
7
33
12
6
124
579
10
7
28
1
0
0
26
5
0
6
104
1
10
9
10
2
114
4
2
2
8
9
2
5
11
7
None
2
3
4
600
0
21
4
7
3
248
1
1
17
0
0
8
15
0
7
2
139
4
2
16
2
0
7
None
0
4
3
1
2
8
1
9
283
0
1
1
209
0
73
216
42
1
607
12
11
6
26
1
10
5
6
4
0
1
1
17
11
11
18
0
2
0
7
7
2
3
2
0
25
6
25
25
25
25
25
25
25
35
35
25
6
25
25
25
25
25
25
237
276
4
106
0
2
8
2
202
89
240
4
7
12
13
1
0
4
8
240
12
1
21
1
194
39
5
1
0
0
43
29
8
41
2
492
6
6
2
12
18
168
2
1
0
2
3
None
13
96
7
0
7
12
9
146
291
8
69
0
9
6
328
4
0
0
2
485
8
11
None
8
2
1
331
10
23
4
2
264
10
390
50
8
0
227
69
34
5
9
8
0
8
16
10
38
12
311
14
122
160
7
8
1
16
51
18
0
7
95
9
5
9
0
7
74
1
1
0
152
342
4
105
13
564
3
5
9
5
10
4
7
2
2
5
2
2
2
2
2
18
0
2
0
2
2
471
233
9
2
2
18
2
2
2
2
39
1
1
6
0
171
20
9
9
658
54
1
1
8
7
89
11
4
6
2
9
1
5
1
1
106
0
36
2
131
145
5
601
6
18
1
9
39
8
41
5
69
3
0
537
6
2
2
4
0
0
6
111
13
4
34
1
88
8
7
102
3
50
1
9
2
3
0
7
11
551
1
0
7
1
None
2
228
2
2
481
144
42
79
8
4
63
2
436
1
9
1
6
4
0
2
19
224
1
5
64
2
1
2
6
10
7
3
217
93
3
7
1
91
160
6
8
0
1
1
2
9
10
2
125
3
14
1
4
10
12
190
202
10
8
3
4
4
57
1
1
163
2
6
1
2
4
252
10
1
11
54
15
0
3
203
1
10
3
6
68
0
249
1
0
1
9
9
18
8
105
10
29
223
2
72
1
5
9
223
13
39
14
1
8
2
155
0
6
10
242
3
30
8
2
5
7
0
0
1
3
5
0
2
28
10
1
53
2
85
0
0
148
0
1
1
3
514
6
4
0
13
8
7
30
13
0
4
66
6
0
4
553
8
10
11
96
11
10
6
0
1
4
8
13
35
36
9
8
278
3
497
1
2
3
197
642
2
8
6
7
2
18
3
5
2
5
10
12
10
None
70
1
5
0
0
7
8
48
558
8
303
10
12
3
3
11
9
2
10
101
7
14
5
3
8
7
8
7
1
201
3
0
16
2
54
37
1
1
10
112
49
100
14
179
125
10
98
0
6
184
8
1
19
6
3
5
4
16
299
299
315
2
30
41
6
0
286
0
7
0
4
10
4
11
1
15
35
8
654
287
39
1
14
39
0
6
2
10
7
2
1
48
10
0
3
207
7
0
2
643
1
5
5
96
0
7
5
259
1
11
5
4
1
7
36
11
229
345
0
6
6
25
25
25
35
35
35
35
6
6
6
25
25
25
6
25
25
2
35
35
25
2
640
1
115
1
9
5
476
7
4
1
8
7
7
4
0
11
5
9
9
5
6
4
74
164
145
312
3
0
3
2
182
35
5
2
4
12
10
380
5
405
5
0
12
12
3
4
2
11
8
39
136
36
5
4
2
14
5
110
None
3
121
12
0
0
18
88
11
84
495
23
9
0
5
111
1
9
7
17
4
4
1
3
3
0
1
3
4
6
106
11
208
0
1
49
6
9
21
1
0
6
36
2
7
1
1
5
17
3
4
9
519
59
7
4
374
28
5
11
3
598
276
0
1
0
11
7
12
17
4
292
11
3
6
10
10
26
4
5
4
163
7
2
2
3
2
2
5
14
30
5
1
125
10
1
1
0
12
4
0
2
30
5
3
69
2
3
63
5
1
9
34
136
0
55
6
6
0
1
2
13
5
11
0
292
2
1
95
5
8
8
8
1
1
330
7
117
10
1
19
83
5
7
288
7
1
4
3
140
1
18
7
31
113
24
5
284
0
None
6
480
4
2
2
3
147
0
65
3
0
9
12
2
30
0
0
0
0
130
7
8
0
618
0
7
15
2
1
1
7
9
1
11
4
7
222
5
2
3
30
1
541
21
24
173
175
31
4
42
8
0
220
10
236
6
9
1
9
202
11
5
7
0
22
4
161
331
48
14
4
1
279
49
2
94
351
5
None
2
10
15
11
4
138
0
454
6
0
5
14
246
1
6
147
3
5
2
19
0
11
3
36
14
7
7
75
8
88
2
573
8
5
209
3
3
3
3
3
3
3
3
3
3
3
3
3
3
218
21
1
140
0
193
1
13
137
1
5
12
2
None
None
1
9
2
13
16
34
373
81
227
15
9
1
333
1
12
4
2
0
9
76
1
8
9
13
8
14
12
14
35
2
2
1
8
8
3
26
6
2
21
1
257
0
15
4
0
187
4
145
18
2
4
293
10
7
1
12
1
9
14
61
3
82
117
587
11
203
1
3
178
174
2
7
0
2
2
2
1
1
7
1
1
20
1
7
8
0
42
10
86
0
5
0
15
4
24
3
15
555
2
426
52
86
21
92
21
2
76
0
5
9
5
10
1
45
11
3
5
1
164
138
4
8
13
4
2
14
1
1
11
8
8
1
1
0
5
7
3
5
0
10
459
3
304
6
10
9
340
15
0
0
80
6
4
1
6
4
3
19
204
2
0
7
186
429
7
3
2
20
223
13
129
0
266
22
4
6
75
34
3
3
7
None
147
1
2
1
5
7
655
12
80
154
20
6
6
2
1
220
10
6
11
0
12
3
9
116
106
13
14
0
1
6
4
3
7
252
5
89
253
2
14
2
5
11
2
0
157
7
13
None
535
11
86
13
2
12
50
159
344
18
1
0
91
4
2
5
22
4
10
4
1
212
12
7
39
8
4
175
1
9
7
18
1
281
5
2
9
29
7
17
8
19
288
10
2
2
319
10
44
419
9
11
10
8
24
10
289
4
14
211
8
8
339
10
0
9
132
0
4
2
75
1
2
1
3
0
4
185
2
193
221
182
182
5
2
109
0
2
6
1
3
3
4
15
12
4
3
7
1
1
135
180
0
97
0
8
61
612
13
4
1
11
9
11
0
1
9
1
4
138
14
10
9
9
1
6
21
0
8
8
10
29
119
1
6
5
128
12
254
4
127
486
1
5
0
22
617
1
19
54
273
22
94
0
18
9
2
0
4
11
49
11
280
1
76
1
7
1
7
351
44
17
3
6
1
7
96
11
44
8
3
3
212
2
3
10
248
291
193
10
46
7
0
155
8
115
109
11
401
0
None
0
5
5
3
75
15
17
2
2
9
3
1
574
7
348
269
1
41
141
1
251
2
1
2
2
3
19
3
3
0
363
13
2
0
63
0
9
2
9
44
602
2
0
11
229
12
2
647
55
8
241
0
63
1
7
1
354
9
87
176
8
0
11
0
2
0
1
1
1
5
7
7
335
47
335
2
0
2
7
7
10
5
2
4
67
11
273
0
0
8
7
7
2
0
5
7
0
8
151
4
1
1
3
2
89
21
2
1
44
235
4
3
53
1
1
19
3
0
26
0
31
42
61
5
4
None
2
5
3
146
1
0
241
70
1
1
17
1
13
0
16
15
0
10
24
0
35
12
0
12
32
4
3
167
1
340
1
4
5
2
8
11
44
120
135
6
550
4
142
0
12
111
5
None
9
3
5
8
192
634
4
82
23
11
105
10
15
8
0
12
2
2
178
199
1
11
254
298
242
6
231
10
139
10
3
7
1
88
37
16
11
12
105
5
3
207
15
1
4
4
2
6
6
0
515
2
11
163
51
1
None
98
10
30
9
0
1
0
22
659
252
0
4
1
1
282
10
36
1
175
3
7
2
8
3
36
11
142
23
23
4
431
92
33
12
28
383
0
45
1
9
9
5
8
260
9
2
5
257
286
6
5
4
317
10
5
13
8
44
247
503
3
18
300
300
4
3
5
1
30
3
72
196
2
14
195
243
10
8
1
11
2
3
11
49
522
None
121
15
None
10
1
99
65
4
19
7
146
7
7
5
11
2
234
1
0
1
20
17
1
5
12
7
1
None
2
207
0
2
2
197
0
1
46
0
2
22
0
9
8
4
2
3
133
1
64
2
304
243
1
145
10
365
0
7
1
2
2
468
17
2
8
0
7
2
2
7
203
1
2
4
54
2
288
22
2
1
0
4
13
4
26
2
3
265
166
68
68
0
473
382
193
2
74
4
39
49
3
9
1
1
7
19
0
15
36
1
3
0
16
4
0
569
0
0
82
127
4
0
134
614
55
0
7
9
561
1
3
4
75
5
1
21
4
10
37
80
23
1
14
2
6
96
30
289
9
3
8
151
206
0
15
3
6
0
3
624
14
14
4
31
0
14
1
11
11
49
58
4
5
60
50
3
1
271
14
1
1
149
7
3
362
20
1
93
3
6
11
2
19
13
None
33
11
9
3
None
8
156
19
1
13
2
1
19
1
5
0
4
3
4
7
0
1
1
2
3
19
8
352
26
14
135
499
107
15
10
1
80
14
63
377
5
9
0
107
7
6
0
1
1
3
7
10
9
260
108
1
1
10
3
3
56
4
4
9
4
8
1
12
12
15
1
1
0
8
11
0
56
1
3
10
45
5
3
3
4
107
233
51
3
41
51
10
10
7
1
0
250
14
33
470
8
72
4
4
21
4
3
2
48
267
14
9
70
15
8
198
3
9
4
4
245
3
7
4
0
5
108
0
3
0
5
414
30
12
1
1
8
138
4
12
16
2
2
185
17
129
4
10
4
7
109
9
1
7
8
5
81
7
2
163
8
62
2
192
6
1
14
101
None
5
8
0
0
639
10
0
9
10
6
49
8
9
152
1
4
247
28
3
13
298
243
1
32
12
367
32
9
16
1
1
5
5
0
19
3
5
5
39
138
4
139
33
141
0
4
5
1
0
4
1
8
8
4
3
238
67
10
2
9
11
17
4
7
None
15
4
247
2
504
None
2
11
5
9
35
58
28
572
143
3
23
2
372
245
33
189
4
1
7
4
3
178
51
51
3
3
21
34
1
360
0
7
231
266
150
2
231
7
2
483
0
5
0
3
6
3
97
10
208
181
10
244
8
8
4
4
250
4
3
97
4
193
12
1
10
221
4
3
None
3
52
30
5
124
33
3
17
2
2
6
2
2
0
14
4
4
3
314
12
60
142
2
2
4
9
14
95
0
36
9
4
0
115
127
12
8
24
8
3
0
6
34
0
11
70
3
4
0
61
1
10
0
0
5
10
95
6
4
2
9
17
3
2
84
3
9
30
1
4
5
20
126
11
4
2
10
0
20
17
295
108
604
44
9
3
2
9
3
6
15
7
3
539
4
10
111
1
2
4
4
325
5
4
531
274
196
4
3
3
2
1
2
2
33
0
2
222
1
10
13
9
6
0
84
2
59
14
0
1
43
1
10
7
5
107
1
3
0
39
1
10
285
3
10
86
27
5
15
8
3
14
151
0
10
52
5
7
9
10
19
4
3
34
521
10
7
5
1
14
3
13
7
19
7
4
11
19
312
8
2
217
6
1
1
9
0
3
6
52
9
37
337
3
4
0
0
30
116
42
4
4
9
164
5
0
8
1
2
10
2
0
2
None
2
1
205
0
2
4
165
31
126
0
0
10
8
5
150
39
1
18
8
10
4
464
1
10
3
99
1
5
11
0
0
73
1
4
0
247
0
8
393
6
0
4
9
59
272
48
195
0
163
0
83
11
9
523
124
1
3
5
0
1
13
8
1
91
1
391
50
4
11
10
10
3
7
97
191
66
0
46
4
7
1
2
99
154
23
6
1
10
255
36
1
4
5
2
112
5
17
9
16
10
2
12
3
41
9
4
7
51
16
1
190
5
7
253
39
209
10
3
13
37
69
6
7
5
43
8
0
2
1
8
306
0
2
1
0
0
6
None
3
18
2
1
7
11
200
2
11
8
32
396
196
5
14
3
130
12
353
31
5
1
3
53
258
7
1
13
19
9
621
40
107
3
11
39
320
19
0
7
5
4
3
0
4
2
10
7
3
0
41
29
7
181
10
2
5
186
1
10
11
4
1
3
2
7
2
155
23
5
230
10
7
2
16
3
438
2
10
37
19
5
None
101
41
2
4
50
88
2
52
13
9
4
7
1
5
4
513
13
283
None
4
0
7
7
4
217
290
3
12
4
3
1
4
54
10
12
14
14
14
3
3
0
0
1
1
14
27
17
13
235
1
39
2
39
3
113
None
82
18
12
4
6
295
54
2
42
3
1
52
1
10
2
7
1
2
1
4
1
592
1
6
5
0
77
None
254
1
2
49
1
2
0
3
None
4
9
1
8
99
4
9
2
147
22
7
12
0
8
12
3
1
14
5
584
245
13
95
13
594
3
13
2
4
4
178
1
27
1
18
4
18
51
4
200
445
1
42
4
0
263
3
1
3
18
11
2
547
9
7
6
12
3
8
10
0
None
8
6
8
20
45
9
14
151
27
10
2
9
70
0
0
24
20
4
4
4
197
159
9
5
416
9
586
8
10
1
8
7
3
None
389
46
305
110
2
7
6
6
3
1
0
4
12
10
5
5
2
488
0
5
24
113
119
24
12
32
15
23
9
1
12
62
62
46
7
0
17
4
91
0
5
4
286
4
580
1
14
9
83
18
45
0
67
153
2
5
3
7
3
358
1
0
10
0
4
12
4
1
5
309
0
10
13
174
3
100
0
6
32
2
169
86
1
13
0
11
113
2
125
65
8
14
0
57
2
14
10
7
9
225
4
46
13
9
153
651
9
8
1
4
218
17
4
7
4
80
8
6
14
21
3
0
4
3
1
11
159
616
1
7
16
10
1
0
4
38
218
0
332
4
2
112
6
4
0
9
0
156
469
502
5
21
9
1
1
20
388
2
2
4
442
3
4
69
3
None
12
4
1
2
5
3
0
41
4
7
7
191
22
4
628
6
9
2
122
4
43
43
0
66
3
6
1
30
1
5
533
253
4
5
5
2
3
0
14
3
6
11
597
4
161
10
11
4
15
7
71
1
3
2
20
51
298
1
11
68
2
39
2
128
45
2
86
9
20
3
259
2
None
75
425
37
44
139
4
13
134
105
None
24
10
12
177
32
0
78
13
11
163
0
3
21
4
10
5
102
1
0
101
5
51
3
283
11
153
7
43
9
3
8
None
0
2
2
8
65
630
0
21
2
255
120
213
4
None
9
189
202
4
213
74
10
218
9
34
8
9
10
0
6
12
39
101
7
0
10
9
2
3
2
2
2
1
1
10
10
136
136
136
7
7
255
3
3
100
3
3
0
10
9
13
112
2
0
1
12
261
15
29
5
2
195
562
10
5
5
2
0
3
5
5
34
3
4
9
3
20
13
10
0
0
0
4
16
34
58
161
1
10
356
0
3
2
273
341
2
28
13
2
3
2
84
1
1
3
3
12
649
None
633
12
3
12
570
9
1
3
6
0
1
2
2
104
6
None
11
4
38
64
5
14
1
28
4
5
162
5
239
2
173
None
0
1
11
2
11
0
5
6
8
8
2
149
10
2
7
0
244
2
1
0
3
3
20
60
1
237
9
0
151
3
8
9
27
4
3
0
None
90
10
29
270
225
68
11
5
22
2
12
40
3
8
13
2
1
131
6
110
0
276
571
0
0
70
311
0
317
10
3
1
144
12
74
1
3
21
1
4
0
0
53
33
8
57
13
7
None
657
4
241
518
14
29
5
1
179
4
23
85
179
9
4
3
29
11
215
5
0
1
10
70
0
6
152
4
12
232
23
8
1
4
85
2
9
608
11
126
67
2
53
18
13
7
94
10
4
10
3
190
3
4
57
63
2
46
411
5
5
3
3
3
12
12
12
0
0
46
46
1
4
1
3
1
3
120
12
343
9
43
9
8
6
20
3
406
4
10
5
33
3
4
4
253
3
39
38
3
15
12
15
7
2
0
9
613
17
3
13
2
204
0
5
5
5
301
301
301
21
21
21
9
5
9
3
3
263
51
103
103
21
2
59
10
5
57
226
118
11
170
142
12
14
None
2
21
262
2
180
1
10
4
176
14
160
89
226
2
7
9
0
107
0
24
10
14
20
8
10
20
99
115
9
8
0
153
0
8
3
9
11
181
3
8
3
31
116
18
18
0
6
44
0
21
9
73
1
21
1
3
9
10
544
1
10
96
3
13
71
1
149
460
648
5
517
144
None
207
1
256
119
0
0
119
3
8
9
1
6
9
30
11
3
2
19
18
27
20
9
9
0
3
27
38
8
5
0
2
145
58
6
0
6
353
6
85
7
141
0
1
6
10
6
0
0
2
520
192
1
33
2
13
214
2
34
6
0
13
2
3
3
3
11
11
1
8
422
9
11
8
4
5
56
5
5
11
8
12
0
10
36
10
186
2
6
99
275
214
4
22
1
4
5
21
1
3
131
4
4
3
0
5
482
8
31
2
1
11
11
4
0
40
92
0
5
4
2
109
1
263
None
42
3
3
1
14
9
40
6
223
0
10
13
11
215
56
13
4
0
434
99
2
204
7
2
11
494
280
3
0
131
11
6
9
6
8
23
5
3
1
185
None
138
467
10
14
2
3
20
328
5
1
88
0
20
225
1
350
24
6
11
None
632
12
68
6
3
3
650
5
21
11
3
10
341
402
3
36
81
3
2
1
86
1
357
8
11
357
1
385
9
122
1
11
191
4
9
None
9
1
5
172
8
0
4
4
310
185
75
290
31
12
20
3
5
1
9
112
1
10
0
20
90
8
73
4
0
1
1
6
1
21
3
6
4
0
3
207
3
8
2
4
160
3
585
17
320
11
10
1
167
8
7
16
9
28
8
71
0
8
27
5
9
0
5
0
157
1
4
324
30
28
0
86
1
4
337
1
12
645
162
4
97
5
140
3
666
8
42
5
5
339
3
9
2
1
0
5
5
201
1
29
9
97
2
1
2
265
47
47
47
47
47
47
47
47
47
47
59
59
59
4
4
4
0
0
0
0
1
5
89
14
4
5
2
208
2
11
2
364
7
4
364
3
220
6
154
415
22
146
49
10
168
2
332
19
3
493
268
13
1
39
292
3
7
1
10
None
157
None
4
216
631
5
197
6
3
3
12
2
1
1
2
7
1
5
None
10
323
10
4
24
0
32
256
None
8
24
32
4
19
11
1
0
183
7
3
92
4
181
9
4
2
1
10
3
4
5
62
129
19
5
3
37
4
30
7
538
68
50
50
50
10
10
10
3
3
3
302
302
302
1
1
1
0
0
0
9
9
1
1
287
287
125
125
37
37
4
4
3
3
1
57
13
5
2
528
26
14
2
394
42
0
644
11
144
1
3
3
22
98
637
19
8
7
0
24
8
78
32
0
32
24
12
5
142
209
165
10
13
14
19
9
2
0
10
22
11
179
6
183
10
352
10
2
7
None
217
10
14
2
5
16
278
7
118
106
256
477
32
32
32
5
1
7
2
2
1
1
17
12
2
0
5
7
2
427
15
2
None
4
5
10
3
8
9
9
241
7
4
28
10
13
5
None
7
10
129
119
32
24
1
83
5
3
2
319
2
1
50
360
9
8
5
9
28
118
11
2
14
None
19
137
1
233
40
40
554
5
9
40
40
3
1
44
285
0
None
194
167
3
321
321
28
33
249
0
109
7
10
9
2
154
51
10
2
15
98
652
14
12
None
82
7
5
0
4
12
51
30
6
6
83
0
4
0
318
78
256
576
123
111
3
6
6
64
1
4
5
119
15
0
16
119
8
32
8
0
349
32
1
0
4
0
9
87
3
10
108
69
5
3
626
140
1
282
309
None
None
0
4
4
5
16
3
18
40
12
40
0
40
12
40
10
12
30
90
1
3
3
271
277
137
10
11
183
28
8
1
5
12
113
233
1
21
11
8
19
3
4
2
9
3
3
1
37
227
12
4
5
5
347
3
30
214
4
3
8
130
40
40
12
40
40
40
40
210
7
4
5
None
14
174
10
3
2
2
38
3
3
158
14
None
38
2
2
117
1
4
12
2
13
1
10
1
7
10
127
444
192
268
23
7
24
8
4
2
437
14
0
423
4
4
1
31
2
410
79
12
6
40
40
11
12
80
1
190
8
305
78
4
3
6
4
2
0
1
72
7
7
4
3
330
3
490
2
94
84
10
1
11
None
252
20
5
9
3
12
95
0
63
326
79
102
4
6
8
548
20
5
128
134
1
0
4
37
4
28
None
122
127
278
3
4
7
None
13
446
97
13
3
386
61
3
1
85
201
2
10
6
98
4
2
3
0
8
620
12
143
4
3
13
2
19
11
1
7
28
4
413
12
32
3
7
349
8
None
81
62
38
10
209
591
1
10
534
176
170
57
3
2
183
10
10
34
2
2
9
10
10
7
128
31
1
20
None
0
540
3
None
19
None
412
191
51
None
90
8
2
17
24
32
13
83
300
2
None
3
36
10
589
137
5
1
118
90
6
9
10
36
4
2
11
22
264
0
7
0
7
0
8
7
17
443
9
249
3
53
7
1
46
4
10
5
3
24
4
10
264
478
10
333
1
0
0
67
7
354
3
0
1
1
343
175
None
110
5
26
3
5
79
7
11
8
118
347
79
1
2
452
11
157
3
13
208
6
653
39
12
18
36
3
157
212
68
61
11
2
1
11
4
646
15
28
246
15
3
0
12
10
10
176
19
15
146
5
19
3
4
7
22
1
1
104
64
2
1
194
None
2
7
3
12
10
3
3
10
57
1
118
2
180
2
304
10
46
80
None
0
7
2
10
10
64
72
3
9
7
2
10
11
3
10
113
6
10
2
204
362
22
19
1
None
2
46
2
3
0
11
2
599
299
3
78
5
12
10
5
None
11
7
1
14
12
85
11
33
1
19
208
167
370
14
0
10
8
1
46
13
516
2
14
184
16
8
7
1
1
107
156
19
4
10
None
1
1
10
4
4
7
37
4
11
10
18
1
5
109
None
1
181
None
1
641
7
2
22
3
2
5
53
10
5
106
9
91
8
14
15
67
2
150
3
507
13
408
10
10
1
10
4
10
635
10
0
10
12
60
158
2
12
117
31
1
6
3
0
11
0
52
49
229
1
232
6
4
4
87
4
3
3
7
None
7
168
None
260
46
3
4
532
615
10
19
16
None
None
465
None
15
12
16
117
2
64
10
198
13
10
596
4
No se encontraron tags en la comunidad '53'.
